0 0.0625 -19.8713
0 0.125 -19.2443
0.00606061 0.125 -18.9307
0.00606061 0.1875 -18.774
0.00606061 0.25 -18.683
0.00606061 0.3125 -17.9767
0.00606061 0.375 -17.9007
0.00606061 0.4375 -17.8503
0.0121212 0.4375 -17.755
0.0121212 0.5 -17.665
0.0121212 0.5625 -17.644
0.0181818 0.5625 -17.3893
0.0242424 0.5625 -17.355
0.030303 0.5625 -17.2087
0.0363636 0.5625 -17.1723
0.0424242 0.5625 -16.9977
0.0484848 0.5625 -16.722
0.0545455 0.5625 -16.589
0.0606061 0.5625 -16.527
0.0606061 0.625 -16.4413
0.0606061 0.6875 -16.4283
0.0666667 0.6875 -16.2487
0.0666667 0.75 -16.2407
0.0666667 0.8125 -16.235
0.0727273 0.8125 -16.2323
0.0787879 0.8125 -16.1677
0.0848485 0.8125 -16.1567
0.0909091 0.8125 -16.1427
0.0909091 0.875 -16.0943
0.0969697 0.875 -16.0387
0.10303 0.875 -16.036
0.109091 0.875 -16.023
0.115152 0.875 -15.982
0.121212 0.875 -15.9237
0.127273 0.875 -15.921
0.127273 0.9375 -15.9017
0.133333 0.9375 -15.87
0.139394 0.9375 -15.8667
0.145455 0.9375 -15.822
0.151515 0.9375 -15.816
0.157576 0.9375 -15.7953
0.163636 0.9375 -15.7947
0.169697 0.9375 -15.7813
0.175758 0.9375 -15.7667
0.181818 0.9375 -15.744
0.181818 1 -15.6517
0.187879 1 -15.584
0.193939 1 -15.5837
0.2 1 -15.5217
0.206061 1 -15.479
0.212121 1 -15.465
0.218182 1 -15.449
0.224242 1 -15.4443
0.230303 1 -15.4397
0.236364 1 -15.4023
0.242424 1 -15.299
0.248485 1 -15.2217
0.254545 1 -15.091
0.260606 1 -15.09
0.266667 1 -15.0833
0.272727 1 -15.0677
0.278788 1 -15.04
0.284848 1 -15.034
0.290909 1 -14.958
0.29697 1 -14.9267
0.30303 1 -14.9013
0.309091 1 -14.866
0.315152 1 -14.8637
0.321212 1 -14.845
0.327273 1 -14.8233
0.333333 1 -14.816
0.339394 1 -14.815
0.345455 1 -14.8117
0.351515 1 -14.8023
0.357576 1 -14.7807
0.363636 1 -14.7467
0.369697 1 -14.746
0.375758 1 -14.6263
0.381818 1 -14.625
0.387879 1 -14.5983
0.393939 1 -14.5633
0.4 1 -14.5547
0.406061 1 -14.539
0.412121 1 -14.476
0.418182 1 -14.4557
0.424242 1 -14.4373
0.430303 1 -14.426
0.436364 1 -14.3943
0.442424 1 -14.3867
0.448485 1 -14.3613
0.454545 1 -14.3523
0.460606 1 -14.331
0.466667 1 -14.2617
0.472727 1 -14.255
0.478788 1 -14.2537
0.484848 1 -14.226
0.490909 1 -14.1443
0.49697 1 -14.09
0.50303 1 -14.0627
0.509091 1 -14.0053
0.515152 1 -14.0003
0.521212 1 -13.939
0.527273 1 -13.89
0.533333 1 -13.857
0.539394 1 -13.8033
0.545455 1 -13.789
0.551515 1 -13.684
0.557576 1 -13.655
0.563636 1 -13.65
0.569697 1 -13.529
0.575758 1 -13.4977
0.581818 1 -13.3917
0.587879 1 -13.3853
0.593939 1 -13.3837
0.6 1 -13.382
0.606061 1 -13.3687
0.612121 1 -13.3233
0.618182 1 -13.315
0.624242 1 -13.3063
0.630303 1 -13.2843
0.636364 1 -13.278
0.642424 1 -13.2763
0.648485 1 -13.275
0.654545 1 -13.271
0.660606 1 -13.227
0.666667 1 -13.2193
0.672727 1 -13.2
0.678788 1 -13.192
0.684848 1 -13.189
0.690909 1 -13.1647
0.69697 1 -13.1563
0.70303 1 -13.1537
0.709091 1 -13.138
0.715152 1 -13.1353
0.721212 1 -13.082
0.727273 1 -13.071
0.733333 1 -13.07
0.739394 1 -13.0443
0.745455 1 -13.0243
0.751515 1 -12.9953
0.757576 1 -12.9533
0.763636 1 -12.9107
0.769697 1 -12.8907
0.775758 1 -12.865
0.781818 1 -12.8507
0.787879 1 -12.7933
0.793939 1 -12.7717
0.8 1 -12.7697
0.806061 1 -12.6667
0.812121 1 -12.6527
0.818182 1 -12.6447
0.824242 1 -12.618
0.830303 1 -12.6117
0.836364 1 -12.603
0.842424 1 -12.568
0.848485 1 -12.4567
0.854545 1 -12.4087
0.860606 1 -12.3983
0.866667 1 -12.347
0.872727 1 -12.3453
0.878788 1 -12.3263
0.884848 1 -12.3257
0.890909 1 -12.2853
0.89697 1 -12.2517
0.90303 1 -12.1127
0.909091 1 -12.0963
0.915152 1 -11.989
0.921212 1 -11.9263
0.927273 1 -11.4477
0.933333 1 -11.4393
0.939394 1 -11.212
0.945455 1 -10.9357
0.951515 1 -10.9037
0.957576 1 -10.491
0.963636 1 -9.986
0.969697 1 -9.889
0.975758 1 -9.31567
0.981818 1 -9.27033
0.987879 1 -9.061
0.993939 1 -8.711
1 1 -7.56233
0.955682
