0 0.0588235
0 0.117647
0 0.176471
0 0.235294
0 0.294118
0.00609756 0.294118
0.00609756 0.352941
0.0121951 0.352941
0.0182927 0.352941
0.0243902 0.352941
0.0243902 0.411765
0.0304878 0.411765
0.0365854 0.411765
0.0365854 0.470588
0.0365854 0.529412
0.0365854 0.588235
0.0365854 0.647059
0.0426829 0.647059
0.0426829 0.705882
0.0426829 0.764706
0.0487805 0.764706
0.054878 0.764706
0.0609756 0.764706
0.0670732 0.764706
0.0731707 0.764706
0.0792683 0.764706
0.0853659 0.764706
0.0914634 0.764706
0.097561 0.764706
0.097561 0.823529
0.103659 0.823529
0.109756 0.823529
0.115854 0.823529
0.121951 0.823529
0.121951 0.882353
0.128049 0.882353
0.128049 0.941176
0.134146 0.941176
0.140244 0.941176
0.146341 0.941176
0.152439 0.941176
0.158537 0.941176
0.164634 0.941176
0.170732 0.941176
0.176829 0.941176
0.182927 0.941176
0.189024 0.941176
0.195122 0.941176
0.20122 0.941176
0.207317 0.941176
0.213415 0.941176
0.219512 0.941176
0.22561 0.941176
0.231707 0.941176
0.237805 0.941176
0.243902 0.941176
0.25 0.941176
0.256098 0.941176
0.262195 0.941176
0.268293 0.941176
0.27439 0.941176
0.280488 0.941176
0.286585 0.941176
0.292683 0.941176
0.29878 0.941176
0.304878 0.941176
0.310976 0.941176
0.317073 0.941176
0.323171 0.941176
0.329268 0.941176
0.335366 0.941176
0.341463 0.941176
0.347561 0.941176
0.353659 0.941176
0.359756 0.941176
0.365854 0.941176
0.371951 0.941176
0.378049 0.941176
0.384146 0.941176
0.390244 0.941176
0.396341 0.941176
0.402439 0.941176
0.408537 0.941176
0.414634 0.941176
0.420732 0.941176
0.426829 0.941176
0.432927 0.941176
0.439024 0.941176
0.445122 0.941176
0.45122 0.941176
0.457317 0.941176
0.463415 0.941176
0.469512 0.941176
0.47561 0.941176
0.481707 0.941176
0.487805 0.941176
0.493902 0.941176
0.5 0.941176
0.506098 0.941176
0.512195 0.941176
0.518293 0.941176
0.52439 0.941176
0.530488 0.941176
0.536585 0.941176
0.542683 0.941176
0.54878 0.941176
0.554878 0.941176
0.560976 0.941176
0.567073 0.941176
0.573171 0.941176
0.579268 0.941176
0.585366 0.941176
0.591463 0.941176
0.597561 0.941176
0.603659 0.941176
0.609756 0.941176
0.615854 0.941176
0.621951 0.941176
0.628049 0.941176
0.634146 0.941176
0.640244 0.941176
0.646341 0.941176
0.646341 1
0.652439 1
0.658537 1
0.664634 1
0.670732 1
0.676829 1
0.682927 1
0.689024 1
0.695122 1
0.70122 1
0.707317 1
0.713415 1
0.719512 1
0.72561 1
0.731707 1
0.737805 1
0.743902 1
0.75 1
0.756098 1
0.762195 1
0.768293 1
0.77439 1
0.780488 1
0.786585 1
0.792683 1
0.79878 1
0.804878 1
0.810976 1
0.817073 1
0.823171 1
0.829268 1
0.835366 1
0.841463 1
0.847561 1
0.853659 1
0.859756 1
0.865854 1
0.871951 1
0.878049 1
0.884146 1
0.890244 1
0.896341 1
0.902439 1
0.908537 1
0.914634 1
0.920732 1
0.926829 1
0.932927 1
0.939024 1
0.945122 1
0.95122 1
0.957317 1
0.963415 1
0.969512 1
0.97561 1
0.981707 1
0.987805 1
0.993902 1
1 1
0.926112
